{
  "bones": [
    {
      "inverseBindMatrix": [
        1.0,
        -0.0,
        0.0,
        -0.0,
        -0.0,
        1.0,
        -0.0,
        0.0,
        0.0,
        -0.0,
        1.0,
        -0.0,
        -0.0,
        -0.9120701551437378,
        -0.001748950919136405,
        1.0
      ],
      "name": "Body",
      "parent": -1
    },
    {
      "inverseBindMatrix": [
        1.0,
        2.5677306947358147e-09,
        -2.06889444598346e-06,
        -0.0,
        -1.919294163599261e-06,
        -0.3721996247768402,
        -0.9281526803970337,
        0.0,
        -7.724250963292434e-07,
        0.9281526803970337,
        -0.37219947576522827,
        -0.0,
        5.852257800142979e-06,
        3.6075334548950195,
        2.837026357650757,
        1.0
      ],
      "name": "Back",
      "parent": 0
    },
    {
      "inverseBindMatrix": [
        -1.0,
        -4.960724719893506e-09,
        4.604025434673531e-06,
        -0.0,
        4.199273007543525e-06,
        -0.41097980737686157,
        0.9116443395614624,
        0.0,
        1.8876388594435412e-06,
        0.9116443991661072,
        0.41097962856292725,
        -0.0,
        -1.2504577171057463e-05,
        2.9532580375671387,
        -2.7149922847747803,
        1.0
      ],
      "name": "Torso",
      "parent": 1
    },
    {
      "inverseBindMatrix": [
        -1.0,
        -1.4248939805838745e-09,
        5.306071398081258e-05,
        -0.0,
        5.305823287926614e-05,
        -0.009694278240203857,
        0.999953031539917,
        0.0,
        5.129503506395849e-07,
        0.999953031539917,
        0.009694099426269531,
        -0.0,
        -0.00016033784777391702,
        0.12866118550300598,
        -3.0218141078948975,
        1.0
      ],
      "name": "Torso2",
      "parent": 2
    },
    {
      "inverseBindMatrix": [
        -1.0,
        -1.3465975001736297e-08,
        4.768241979036247e-06,
        -0.0,
        4.7655139496782795e-06,
        0.031106632202863693,
        0.999515950679779,
        -0.0,
        -1.61784683427868e-07,
        0.9995158910751343,
        -0.03110681101679802,
        -0.0,
        -1.422776131221326e-05,
        -0.924225926399231,
        -2.9865963459014893,
        1.0
      ],
      "name": "Torso3",
      "parent": 3
    },
    {
      "inverseBindMatrix": [
        -1.0,
        -1.8962451164838967e-08,
        1.5091700333869085e-06,
        -0.0,
        1.3057821206530207e-06,
        0.4905788004398346,
        0.8713967800140381,
        -0.0,
        -7.568914952571504e-07,
        0.8713967204093933,
        -0.49057891964912415,
        -0.0,
        -2.5646975245763315e-06,
        -3.137860059738159,
        -1.7298221588134766,
        1.0
      ],
      "name": "Neck1",
      "parent": 4
    },
    {
      "inverseBindMatrix": [
        -1.0,
        -1.1971221347550909e-08,
        1.5010208471721853e-06,
        -0.0,
        1.4325514712254517e-06,
        0.2910526692867279,
        0.9567069411277771,
        -0.0,
        -4.483300131141732e-07,
        0.9567068219184875,
        -0.29105281829833984,
        -0.0,
        -3.731406195583986e-06,
        -3.2766385078430176,
        -2.49540376663208,
        1.0
      ],
      "name": "Neck2",
      "parent": 5
    },
    {
      "inverseBindMatrix": [
        -1.0,
        -4.05634548172884e-09,
        -2.3238464564201422e-05,
        0.0,
        -2.200064955104608e-05,
        0.3221813440322876,
        0.9466778039932251,
        0.0,
        7.483162789867492e-06,
        0.9466777443885803,
        -0.32218149304389954,
        -0.0,
        5.4901582188904285e-05,
        -4.079555511474609,
        -2.3632659912109375,
        1.0
      ],
      "name": "Neck3",
      "parent": 6
    },
    {
      "inverseBindMatrix": [
        -1.0,
        -8.067784773579945e-10,
        1.3451100357997348e-06,
        -0.0,
        9.768177733349148e-07,
        -0.6879176497459412,
        0.7257885336875916,
        0.0,
        9.247379466614802e-07,
        0.7257887125015259,
        0.6879175305366516,
        -0.0,
        -7.483431545551866e-06,
        -0.2410838007926941,
        -5.535763740539551,
        1.0
      ],
      "name": "Head",
      "parent": 7
    },
    {
      "inverseBindMatrix": [
        0.1305459439754486,
        0.9914423823356628,
        -1.7393529105902417e-07,
        -0.0,
        -0.9914422631263733,
        0.13054585456848145,
        -2.3425883455274743e-07,
        0.0,
        -5.52386794083759e-08,
        1.512099316869353e-07,
        1.0,
        -0.0,
        2.4587435722351074,
        -0.7407674193382263,
        -1.9268457889556885,
        1.0
      ],
      "name": "FrontShoulder.L",
      "parent": 3
    },
    {
      "inverseBindMatrix": [
        1.000000238418579,
        -3.9053212219641864e-08,
        3.883279191541078e-07,
        -0.0,
        -3.2087253742929533e-08,
        -0.9980762004852295,
        -0.062001269310712814,
        0.0,
        3.4718465258265496e-07,
        0.06200145184993744,
        -0.9980760812759399,
        -0.0,
        -0.6114667654037476,
        2.436086654663086,
        2.0818920135498047,
        1.0
      ],
      "name": "FrontUpperLeg.L",
      "parent": 9
    },
    {
      "inverseBindMatrix": [
        -1.000000238418579,
        1.8427341430538036e-08,
        4.0523268580727745e-06,
        -0.0,
        -4.835227969124389e-07,
        -0.9928892850875854,
        -0.11904579401016235,
        0.0,
        4.064133008796489e-06,
        -0.11904564499855042,
        0.9928888082504272,
        -0.0,
        0.6114585399627686,
        1.4097093343734741,
        -1.8580927848815918,
        1.0
      ],
      "name": "FrontLowerLeg.L",
      "parent": 10
    },
    {
      "inverseBindMatrix": [
        0.130545973777771,
        -0.9914420247077942,
        1.7671470686764224e-07,
        -0.0,
        0.991442084312439,
        0.13054610788822174,
        -1.979897206183523e-07,
        0.0,
        -8.470201429133795e-09,
        1.8560656656063657e-07,
        0.9999998807907104,
        -0.0,
        -2.458743095397949,
        -0.7407680153846741,
        -1.9268453121185303,
        1.0
      ],
      "name": "FrontShoulder.R",
      "parent": 3
    },
    {
      "inverseBindMatrix": [
        0.9999997615814209,
        1.5450982004949765e-07,
        -3.2422079243588087e-07,
        -0.0,
        3.491664557486729e-08,
        -0.9980758428573608,
        -0.06200123950839043,
        0.0,
        -3.440567297730013e-07,
        0.06200141832232475,
        -0.9980759024620056,
        -0.0,
        0.6114664077758789,
        2.4360857009887695,
        2.0818917751312256,
        1.0
      ],
      "name": "FrontUpperLeg.R",
      "parent": 12
    },
    {
      "inverseBindMatrix": [
        -0.9999997615814209,
        1.0780762949025302e-07,
        -4.0944546526588965e-06,
        -0.0,
        4.795803079105099e-07,
        -0.9928887486457825,
        -0.11904574930667877,
        0.0,
        -4.067292593390448e-06,
        -0.11904558539390564,
        0.9928887486457825,
        0.0,
        -0.6114582419395447,
        1.4097084999084473,
        -1.8580929040908813,
        1.0
      ],
      "name": "FrontLowerLeg.R",
      "parent": 13
    },
    {
      "inverseBindMatrix": [
        0.07873938977718353,
        0.9968950152397156,
        4.6737923753426003e-07,
        -0.0,
        -0.9968950748443604,
        0.07873929291963577,
        -9.4962359753481e-07,
        0.0,
        -8.395181794185191e-07,
        -4.0956879843179195e-07,
        0.9999998807907104,
        -0.0,
        3.131366729736328,
        -0.4878638684749603,
        1.9479660987854004,
        1.0
      ],
      "name": "BackShoulder.L",
      "parent": 1
    },
    {
      "inverseBindMatrix": [
        0.9999998807907104,
        5.0584862520963725e-08,
        7.431586936945678e-07,
        -0.0,
        2.2118379661151266e-07,
        -0.9552189707756042,
        -0.29589924216270447,
        0.0,
        6.17312991835206e-07,
        0.2958993911743164,
        -0.9552188515663147,
        -0.0,
        -0.5698910355567932,
        3.619856834411621,
        -0.9179572463035583,
        1.0
      ],
      "name": "BackLeg.L",
      "parent": 15
    },
    {
      "inverseBindMatrix": [
        0.9999998807907104,
        7.283784952960559e-08,
        2.591580994248943e-07,
        -0.0,
        -1.8109560073753528e-07,
        -0.7000911831855774,
        0.7140533328056335,
        0.0,
        1.5584623724862467e-07,
        -0.7140531539916992,
        -0.7000911831855774,
        -0.0,
        -0.5698909163475037,
        0.36837637424468994,
        -2.7227509021759033,
        1.0
      ],
      "name": "BackUpperLeg.L",
      "parent": 16
    },
    {
      "inverseBindMatrix": [
        -0.9999999403953552,
        1.7758168269210728e-08,
        1.9918404632335296e-06,
        -0.0,
        3.0787464311288204e-07,
        -0.9901826977729797,
        0.13978134095668793,
        0.0,
        2.05236574402079e-06,
        0.13978151977062225,
        0.9901822805404663,
        -0.0,
        0.5698963403701782,
        1.666981816291809,
        2.327228307723999,
        1.0
      ],
      "name": "BackLowerLeg.L",
      "parent": 17
    },
    {
      "inverseBindMatrix": [
        0.0787392184138298,
        -0.9968950748443604,
        -5.21615788784402e-07,
        -0.0,
        0.9968951940536499,
        0.07873918861150742,
        -8.556545481042122e-07,
        -0.0,
        7.554659191555402e-07,
        -4.808864559890935e-07,
        1.0,
        -0.0,
        -3.1313674449920654,
        -0.487863689661026,
        1.9479659795761108,
        1.0
      ],
      "name": "BackShoulder.R",
      "parent": 1
    },
    {
      "inverseBindMatrix": [
        0.9999998807907104,
        6.997922241680499e-08,
        -8.0502962873652e-07,
        -0.0,
        -1.7766836890587e-07,
        -0.9552192091941833,
        -0.29589927196502686,
        0.0,
        -7.145125664465013e-07,
        0.29589956998825073,
        -0.9552191495895386,
        -0.0,
        0.5698906779289246,
        3.6198582649230957,
        -0.9179577231407166,
        1.0
      ],
      "name": "BackLeg.R",
      "parent": 19
    },
    {
      "inverseBindMatrix": [
        0.9999998807907104,
        -6.634303417740739e-08,
        -2.955498246137722e-07,
        -0.0,
        1.5828607047296828e-07,
        -0.7000909447669983,
        0.7140536308288574,
        0.0,
        -1.7911042959894985e-07,
        -0.7140534520149231,
        -0.7000913023948669,
        0.0,
        0.5698907971382141,
        0.3683755397796631,
        -2.722752094268799,
        1.0
      ],
      "name": "BackUpperLeg.R",
      "parent": 20
    },
    {
      "inverseBindMatrix": [
        -0.9999998807907104,
        4.073167403362277e-08,
        -1.988275471376255e-06,
        0.0,
        -3.119496057024662e-07,
        -0.9901826977729797,
        0.13978135585784912,
        0.0,
        -2.0382362890813965e-06,
        0.1397818624973297,
        0.9901824593544006,
        -0.0,
        -0.5698962211608887,
        1.6669827699661255,
        2.3272287845611572,
        1.0
      ],
      "name": "BackLowerLeg.R",
      "parent": 21
    },
    {
      "inverseBindMatrix": [
        1.0,
        -1.6867012675447768e-08,
        -2.341128748639676e-07,
        -0.0,
        2.1288836649091536e-07,
        0.4848017990589142,
        0.8746115565299988,
        -0.0,
        9.872233164287536e-08,
        -0.8746239542961121,
        0.4847966730594635,
        -0.0,
        -6.281010769271234e-07,
        -3.932520627975464,
        -2.3660330772399902,
        1.0
      ],
      "name": "Tail1",
      "parent": 1
    },
    {
      "inverseBindMatrix": [
        1.0,
        4.9555659131783614e-08,
        -2.221708825800306e-07,
        -0.0,
        2.081995376101986e-07,
        -0.5932618975639343,
        0.8049957752227783,
        0.0,
        -9.193890093683876e-08,
        -0.8049963712692261,
        -0.5932753086090088,
        0.0,
        -1.0975365967169637e-06,
        0.38424327969551086,
        -4.8425469398498535,
        1.0
      ],
      "name": "Tail2",
      "parent": 23
    },
    {
      "inverseBindMatrix": [
        1.0,
        8.072811752413145e-09,
        5.762281318766327e-09,
        -0.0,
        5.755927734441002e-09,
        -0.9473351240158081,
        0.32020947337150574,
        0.0,
        8.021287634107921e-09,
        -0.3202023208141327,
        -0.9473464488983154,
        -0.0,
        -1.6797441659832657e-08,
        2.863582134246826,
        -3.906705856323242,
        1.0
      ],
      "name": "Tail3",
      "parent": 24
    },
    {
      "inverseBindMatrix": [
        1.0,
        2.061937820485582e-08,
        2.605660824883671e-07,
        -0.0,
        3.9376878646635305e-08,
        -0.9973664283752441,
        -0.07237470149993896,
        0.0,
        2.5836681061264244e-07,
        0.07238569855690002,
        -0.9973741769790649,
        -0.0,
        5.947356953583949e-07,
        3.7613685131073,
        -2.6554925441741943,
        1.0
      ],
      "name": "Tail4",
      "parent": 25
    },
    {
      "inverseBindMatrix": [
        1.0,
        -4.7519899126768905e-09,
        -4.61927074368873e-09,
        -0.0,
        -4.640175799153212e-09,
        -0.9994210004806519,
        0.03369633108377457,
        0.0,
        -4.799228570107061e-09,
        -0.03368622437119484,
        -0.9994299411773682,
        -0.0,
        -2.9668004941640902e-08,
        2.8038883209228516,
        -2.982776641845703,
        1.0
      ],
      "name": "Tail6",
      "parent": 26
    },
    {
      "inverseBindMatrix": [
        1.0,
        -2.4490161010248812e-08,
        -2.3009643967952798e-08,
        -0.0,
        -2.3028928097801327e-08,
        -0.9979783892631531,
        0.06337835639715195,
        0.0,
        -2.4537758491760542e-08,
        -0.06336851418018341,
        -0.997987687587738,
        -0.0,
        -4.257261920770361e-08,
        2.2255563735961914,
        -3.0502538681030273,
        1.0
      ],
      "name": "Tail7",
      "parent": 27
    },
    {
      "inverseBindMatrix": [
        1.0,
        4.263256075747422e-14,
        -6.516826829283673e-07,
        -0.0,
        -2.3926855874378816e-07,
        -0.9301596879959106,
        -0.367154985666275,
        0.0,
        -6.061690100978012e-07,
        0.3671550452709198,
        -0.9301596879959106,
        -0.0,
        -0.569892942905426,
        1.2494076490402222,
        -2.093336343765259,
        1.0
      ],
      "name": "IKBackLeg.L",
      "parent": -1
    },
    {
      "inverseBindMatrix": [
        -1.0,
        -7.290452685992932e-09,
        1.0409512469777837e-06,
        -0.0,
        3.5006598864129046e-07,
        -0.9440919756889343,
        0.32968220114707947,
        0.0,
        9.803501370697632e-07,
        0.32968226075172424,
        0.9440919160842896,
        -0.0,
        0.5698937773704529,
        0.895838737487793,
        2.1308462619781494,
        1.0
      ],
      "name": "FFB.L",
      "parent": 29
    },
    {
      "inverseBindMatrix": [
        1.0,
        4.263256075747422e-14,
        -6.516826829283673e-07,
        -0.0,
        -2.3926855874378816e-07,
        -0.9301596879959106,
        -0.367154985666275,
        0.0,
        -6.061690100978012e-07,
        0.3671550452709198,
        -0.9301596879959106,
        -0.0,
        -0.6114647388458252,
        -0.3383360803127289,
        1.9290932416915894,
        1.0
      ],
      "name": "IKFrontLeg.L",
      "parent": -1
    },
    {
      "inverseBindMatrix": [
        -1.0,
        -2.563638745733954e-10,
        1.7563476149007329e-06,
        -0.0,
        5.792810497950995e-07,
        -0.9440917372703552,
        0.3296835720539093,
        0.0,
        1.6580680721745011e-06,
        0.32968375086784363,
        0.9440914392471313,
        -0.0,
        0.6114625334739685,
        -0.5298588275909424,
        -1.9518319368362427,
        1.0
      ],
      "name": "FF.L",
      "parent": 31
    },
    {
      "inverseBindMatrix": [
        1.0,
        -4.263256075747422e-14,
        6.516826829283673e-07,
        -0.0,
        2.3926855874378816e-07,
        -0.9301596879959106,
        -0.367154985666275,
        0.0,
        6.061690100978012e-07,
        0.3671550452709198,
        -0.9301596879959106,
        -0.0,
        0.569892942905426,
        1.2494076490402222,
        -2.093336343765259,
        1.0
      ],
      "name": "IKBackLeg.R",
      "parent": -1
    },
    {
      "inverseBindMatrix": [
        -1.0,
        7.290452685992932e-09,
        -1.0409512469777837e-06,
        0.0,
        -3.5006598864129046e-07,
        -0.9440919756889343,
        0.32968220114707947,
        0.0,
        -9.803501370697632e-07,
        0.32968226075172424,
        0.9440919160842896,
        -0.0,
        -0.5698937773704529,
        0.895838737487793,
        2.1308462619781494,
        1.0
      ],
      "name": "FFB.R",
      "parent": 33
    },
    {
      "inverseBindMatrix": [
        1.0,
        -4.263256075747422e-14,
        6.516826829283673e-07,
        -0.0,
        2.3926855874378816e-07,
        -0.9301596879959106,
        -0.367154985666275,
        0.0,
        6.061690100978012e-07,
        0.3671550452709198,
        -0.9301596879959106,
        -0.0,
        0.6114647388458252,
        -0.3383360803127289,
        1.9290932416915894,
        1.0
      ],
      "name": "IKFrontLeg.R",
      "parent": -1
    },
    {
      "inverseBindMatrix": [
        -1.0,
        2.563638745733954e-10,
        -1.7563476149007329e-06,
        0.0,
        -5.792810497950995e-07,
        -0.9440917372703552,
        0.3296835720539093,
        0.0,
        -1.6580680721745011e-06,
        0.32968375086784363,
        0.9440914392471313,
        -0.0,
        -0.6114625334739685,
        -0.5298588275909424,
        -1.9518319368362427,
        1.0
      ],
      "name": "FF.R",
      "parent": 35
    }
  ],
  "name": "Scene"
}